[gd_scene load_steps=9 format=3 uid="uid://bkf03n4vbyt5g"]

[ext_resource type="Script" uid="uid://n8u8j2i8yt14" path="res://enemy.gd" id="1_w32cn"]
[ext_resource type="PackedScene" uid="uid://cvgxpv4v17ve" path="res://Effects/Gore/Gore.tscn" id="2_65g38"]
[ext_resource type="PackedScene" uid="uid://bggxvihwbojr6" path="res://Models/Small Ant.fbx" id="2_i6cgb"]
[ext_resource type="Script" uid="uid://crl42c77lby42" path="res://src/animation_player.gd" id="3_65g38"]
[ext_resource type="PackedScene" uid="uid://dn2kiwx2ckkky" path="res://Effects/BloodSplash/bloodSplash.tscn" id="3_n7ngr"]
[ext_resource type="AudioStream" uid="uid://bxgnrn8ojh5n6" path="res://Audio/sound_kill_enemy.wav" id="4_dguvf"]
[ext_resource type="AudioStream" uid="uid://d0sp178jr8a7g" path="res://Audio/sound_hit_enemy.wav" id="6_n7ngr"]

[sub_resource type="CapsuleShape3D" id="CapsuleShape3D_w32cn"]
radius = 0.385
height = 1.42

[node name="Enemy" type="CharacterBody3D" node_paths=PackedStringArray("takeDamageSound")]
transform = Transform3D(0.999999, 0, 0, 0, 1, 0, 0, 0, 0.999999, 0, 0, 0)
script = ExtResource("1_w32cn")
movement_speed = 4.0
gore_scene = ExtResource("2_65g38")
splash_scene = ExtResource("3_n7ngr")
takeDamageSound = NodePath("TakeDamageSound")
deathSound = ExtResource("4_dguvf")

[node name="Center" type="Node3D" parent="."]
transform = Transform3D(1, 0, 0, 0, 1, 0, 0, 0, 1, 0, 0.167585, 0)

[node name="NavigationAgent3D" type="NavigationAgent3D" parent="."]

[node name="CollisionShape3D" type="CollisionShape3D" parent="."]
transform = Transform3D(1, 0, 0, 0, -4.37114e-08, -1, 0, 1, -4.37114e-08, 0, 0.383479, -3.95782e-09)
shape = SubResource("CapsuleShape3D_w32cn")

[node name="Small Ant" parent="." instance=ExtResource("2_i6cgb")]
transform = Transform3D(-6.93044e-07, 0, 15.855, 0, 15.855, 0, -15.855, 0, -6.93044e-07, 0.0428788, -0.0997078, -0.239788)

[node name="pCube6" parent="Small Ant/group3" index="0"]
transform = Transform3D(0.821191, -3.97612e-11, -0.570653, 3.7427e-13, 1, -6.9138e-11, 0.570653, 5.65619e-11, 0.821191, -0.0269055, 0.0300596, 0.0109327)

[node name="pCube5" parent="Small Ant/group3" index="1"]
transform = Transform3D(0.925091, 0, 0.379746, 0, 1, 0, -0.379746, 0, 0.925091, -0.00953684, 0.0300596, 0.00150564)

[node name="pCube4" parent="Small Ant/group3" index="2"]
transform = Transform3D(0.988404, -1.07498e-11, -0.151848, 2.54185e-13, 1, -6.91382e-11, 0.151848, 6.82979e-11, 0.988404, -0.0048448, 0.0300596, 0.000923588)

[node name="pCube3" parent="Small Ant/group3" index="3"]
transform = Transform3D(1, -1.65841e-10, 1.27049e-11, 1.66327e-10, 0.99705, -0.0767595, 6.25099e-14, 0.0767595, 0.99705, 0.00340193, 0.0271516, -0.00446488)

[node name="pCube1" parent="Small Ant/group3" index="4"]
transform = Transform3D(1, 0, 0, 0, 1, 0, 0, 0, 1, -0.00938935, 0.0270119, 0)

[node name="pCube2" parent="Small Ant/group3" index="5"]
transform = Transform3D(1, -1.65841e-10, 1.27049e-11, 1.66327e-10, 0.99705, -0.0767595, 6.25099e-14, 0.0767595, 0.99705, 0.00340193, 0.0280288, 0.00413082)

[node name="pSphere2" parent="Small Ant/group3" index="6"]
transform = Transform3D(1, 3.71645e-10, 2.67797e-11, -3.72609e-10, 0.99739, 0.0721973, 1.2202e-13, -0.0721973, 0.99739, -0.0173071, 0.0238607, -5.55111e-19)

[node name="pSphere1" parent="Small Ant/group3" index="7"]
transform = Transform3D(1, -1.65841e-10, 1.27049e-11, 1.66327e-10, 0.99705, -0.0767595, 6.25099e-14, 0.0767595, 0.99705, 0.00665842, 0.0251151, 5.55111e-19)

[node name="pasted__pCube9" parent="Small Ant/group/pasted__group3" index="0"]
transform = Transform3D(0.996002, -1.76136e-11, 0.0893258, -1.66124e-13, 1, 1.99036e-10, -0.0893258, -1.98255e-10, 0.996002, -0.00953684, 0.0300596, -0.00426574)

[node name="pasted__pCube7" parent="Small Ant/group4/pasted__group32" index="0"]
transform = Transform3D(0.955778, 0, -0.29409, 0, 1, 0, 0.29409, 0, 0.955778, -0.00524275, 0.0300596, -0.000923587)

[node name="pasted__pCube8" parent="Small Ant/group4/pasted__group32" index="1"]
transform = Transform3D(0.997334, 0, -0.0729771, 0, 1, 0, 0.0729772, 0, 0.997333, -0.0269055, 0.0300596, -0.0109327)

[node name="AnimationPlayer" parent="Small Ant" index="4"]
speed_scale = 6.0
script = ExtResource("3_65g38")

[node name="TakeDamageSound" type="AudioStreamPlayer3D" parent="."]
stream = ExtResource("6_n7ngr")

[editable path="Small Ant"]
